0.0229528 10
0.0237528 10
0.0244528 10
0.0253528 1
0.0254528 2
0.0255528 3
0.0256528 1
0.0257528 4
0.0258528 2
0.0258528 10
0.0259528 5
0.0260528 3
0.0261528 4
0.0262528 6
0.0263528 5
0.0264528 7
0.0265528 1
0.0266528 2
0.0267528 6
0.0268528 1
0.0268528 10
0.0269528 3
0.0270528 4
0.0271528 8
0.0272528 5
0.0273528 9
0.0274528 7
0.0275528 6
0.0276528 2
0.0277528 7
0.0278528 8
0.0278528 10
0.0280528 1
0.0281528 2
0.0282528 3
0.0283528 8
0.0284528 4
0.0285528 9
0.0286528 5
0.0288528 6
0.0288528 10
0.0289528 7
0.0290528 8
0.0291528 1
0.0292528 9
0.0293528 2
0.0295528 1
0.0296528 2
0.0297528 3
0.0298528 3
0.0298528 10
0.0299528 4
0.0299528 1
0.0300528 4
0.0300528 2
0.0301528 5
0.0301528 3
0.0302528 5
0.0302528 4
0.0303528 6
0.0303528 5
0.0304528 6
0.0304528 6
0.0305528 7
0.0305528 7
0.0306528 8
0.0306528 8
0.0307528 9
0.0307528 9
0.0308528 10
0.0309528 1
0.0310528 2
0.0311528 3
0.0312528 4
0.0313528 5
0.0314528 6
0.0315528 7
0.0316528 8
0.0317528 9
0.0318528 10
0.0319528 1
0.0319528 1
0.0320528 2
0.0320528 2
0.0321528 3
0.0321528 3
0.0322528 4
0.0322528 4
0.0323528 5
0.0323528 5
0.0324528 6
0.0324528 6
0.0325528 7
0.0325528 7
0.0326528 8
0.0326528 8
0.0327528 9
0.0327528 9
0.0328528 10
0.0329528 1
0.0330528 2
0.0331528 3
0.0332528 4
0.0333528 5
0.0334528 6
0.0335528 7
0.0336528 8
0.0337528 9
0.0338528 10
0.0339528 1
0.0339528 1
0.0340528 2
0.0340528 2
0.0341528 3
0.0341528 3
0.0342528 4
0.0342528 4
0.0343528 5
0.0343528 5
0.0344528 6
0.0344528 6
0.0345528 7
0.0345528 7
0.0346528 8
0.0346528 8
0.0347528 9
0.0347528 9
0.0348528 10
0.0349528 1
0.0350528 2
0.0351528 3
0.0352528 4
0.0353528 5
0.0354528 6
0.0355528 7
0.0356528 8
0.0357528 9
0.0358528 10
0.0359528 1
0.0359528 1
0.0360528 2
0.0360528 2
0.0361528 3
0.0361528 3
0.0362528 4
0.0362528 4
0.0363528 5
0.0363528 5
0.0364528 6
0.0364528 6
0.0365528 7
0.0365528 7
0.0366528 8
0.0366528 8
0.0367528 9
0.0367528 9
0.0368528 10
0.0369528 1
0.0370528 2
0.0371528 3
0.0372528 4
0.0373528 5
0.0374528 6
0.0375528 7
0.0376528 8
0.0377528 9
0.0378528 10
0.0379528 1
0.0379528 1
0.0380528 2
0.0380528 2
0.0381528 3
0.0381528 3
0.0382528 4
0.0382528 4
0.0383528 5
0.0383528 5
0.0384528 6
0.0384528 6
0.0385528 7
0.0385528 7
0.0386528 8
0.0386528 8
0.0387528 9
0.0387528 9
0.0388528 10
0.0389528 1
0.0390528 2
0.0391528 3
0.0392528 4
0.0393528 5
0.0394528 6
0.0395528 7
0.0396528 8
0.0397528 9
0.0398528 10
0.0399528 1
0.0400528 2
0.0401528 3
0.0402528 4
0.0403528 5
0.0404528 6
0.0405528 7
0.0406528 8
0.0407528 9
0.0408528 10
0.0418528 10
0.0427528 10
0.0434528 10
0.0447528 10
0.0458528 10
0.0464528 10
0.0472528 3
0.0473528 4
0.0474528 5
0.0474528 10
0.0475528 9
0.0476528 6
0.0478528 7
0.0479528 1
0.0480528 8
0.0481528 2
0.0482528 9
0.0483528 3
0.0485528 1
0.0486528 4
0.0486528 10
0.0487528 2
0.0488528 3
0.0489528 4
0.0490528 5
0.0491528 6
0.0492528 7
0.0493528 8
0.0494528 5
0.0495528 9
0.0496528 6
0.0498528 7
0.0499528 1
0.0499528 10
0.0500528 2
0.0500528 1
0.0501528 3
0.0501528 2
0.0502528 4
0.0503528 5
0.0503528 3
0.0504528 6
0.0504528 10
0.0505528 7
0.0505528 4
0.0506528 8
0.0507528 9
0.0507528 5
0.0509528 8
0.0509528 6
0.0511528 7
0.0512528 9
0.0512528 8
0.0513528 9
0.0513528 10
0.0515528 1
0.0516528 1
0.0516528 2
0.0517528 3
0.0518528 2
0.0519528 4
0.0520528 3
0.0521528 5
0.0522528 6
0.0523528 7
0.0524528 8
0.0525528 9
0.0527528 1
0.0527528 10
0.0528528 4
0.0529528 2
0.0530528 5
0.0530528 1
0.0531528 3
0.0531528 2
0.0532528 4
0.0533528 5
0.0533528 3
0.0535528 6
0.0535528 4
0.0536528 7
0.0536528 5
0.0537528 8
0.0537528 6
0.0538528 6
0.0538528 9
0.0539528 7
0.0540528 7
0.0540528 8
0.0540528 10
0.0541528 10
0.0542528 9
0.0544528 8
0.0544528 1
0.0545528 2
0.0546528 3
0.0547528 4
0.0548528 1
0.0548528 5
0.0550528 6
0.0551528 2
0.0552528 9
0.0552528 7
0.0554528 8
0.0555528 9
0.0558528 10
0.0559528 3
0.0559528 1
0.0561528 4
0.0561528 2
0.0562528 3
0.0562528 1
0.0563528 5
0.0563528 4
0.0564528 5
0.0564528 2
0.0565528 6
0.0566528 6
0.0566528 7
0.0566528 3
0.0567528 8
0.0568528 7
0.0568528 4
0.0569528 9
0.0570528 8
0.0570528 5
0.0570528 10
0.0571528 6
0.0571528 10
0.0573528 7
0.0575528 8
0.0577528 9
0.0578528 9
0.0580528 1
0.0581528 2
0.0582528 3
0.0582528 10
0.0583528 1
0.0583528 4
0.0584528 5
0.0585528 2
0.0585528 6
0.0586528 7
0.0587528 3
0.0587528 8
0.0588528 9
0.0589528 4
0.0592528 5
0.0592528 1
0.0593528 1
0.0594528 6
0.0594528 2
0.0595528 3
0.0595528 2
0.0596528 7
0.0596528 4
0.0596528 3
0.0596528 10
0.0597528 5
0.0597528 4
0.0598528 6
0.0598528 5
0.0599528 8
0.0599528 7
0.0600528 8
0.0600528 6
0.0601528 9
0.0602528 7
0.0603528 8
0.0605528 9
0.0608528 1
0.0609528 9
0.0609528 2
0.0610528 10
0.0611528 3
0.0612528 4
0.0613528 1
0.0613528 5
0.0615528 6
0.0615528 10
0.0617528 7
0.0618528 8
0.0619528 9
0.0621528 1
0.0622528 2
0.0623528 3
0.0623528 10
0.0624528 2
0.0624528 4
0.0624528 1
0.0625528 2
0.0626528 5
0.0626528 3
0.0627528 6
0.0627528 4
0.0628528 7
0.0628528 5
0.0629528 3
0.0629528 6
0.0630528 8
0.0630528 7
0.0631528 4
0.0631528 8
0.0632528 9
0.0632528 9
0.0633528 10
0.0634528 5
0.0634528 1
0.0636528 2
0.0637528 6
0.0637528 3
0.0639528 4
0.0640528 7
0.0641528 5
0.0642528 6
0.0644528 8
0.0644528 7
0.0646528 9
0.0646528 8
0.0647528 9
0.0648528 10
0.0649528 1
0.0649528 1
0.0650528 2
0.0651528 2
0.0652528 3
0.0654528 4
0.0655528 10
0.0656528 5
0.0658528 6
0.0659528 7
0.0660528 8
0.0661528 9
0.0662528 10
0.0665528 3
0.0668528 4
0.0670528 5
0.0673528 6
0.0675528 7
0.0675528 10
0.0681528 8
0.0683528 9
0.0687528 1
0.0687528 10
0.0696528 10
0.0697528 2
0.0700528 3
0.0702528 4
0.0704528 10
0.0707528 5
0.0710528 6
0.0718528 7
0.0718528 10
0.0722528 8
0.0724528 9
0.0728528 1
0.0729528 10
0.0730528 2
0.0732528 3
0.0734528 10
0.0735528 4
0.0743528 5
0.0745528 6
0.0745528 10
0.0747528 7
0.0756528 8
0.0756528 1
0.0758528 2
0.0760528 9
0.0760528 3
0.0760528 10
0.0764528 4
0.0765528 10
0.0766528 5
0.0770528 6
0.0773528 7
0.0773528 10
0.0777528 8
0.0779528 9
0.0787528 10
0.0788528 1
0.0790528 2
0.0794528 3
0.0797528 4
0.0799528 5
0.0801528 6
0.0802528 10
0.0809528 7
0.0815528 10
0.0816528 10
0.0832528 10
0.0834528 10
0.0842528 10
0.0846528 7
0.0851528 8
0.0859528 9
0.0860528 10
0.0863528 10
0.0870528 8
0.0872528 1
0.0872528 10
0.0878528 2
0.0879528 9
0.0881528 3
0.0883528 1
0.0887528 2
0.0888528 4
0.0889528 10
0.0890528 3
0.0891528 4
0.0891528 5
0.0896528 5
0.0897528 6
0.0900528 6
0.0903528 7
0.0904528 10
0.0906528 8
0.0906528 1
0.0906528 10
0.0909528 9
0.0909528 2
0.0910528 3
0.0915528 4
0.0915528 10
0.0917528 7
0.0918528 5
0.0921528 6
0.0923528 10
0.0926528 7
0.0935528 8
0.0937528 10
0.0941528 9
0.0948528 1
0.0949528 10
0.0952528 8
0.0953528 1
0.0955528 9
0.0957528 10
0.0958528 2
0.0960528 10
0.0962528 2
0.0964528 3
0.0966528 3
0.0970528 4
0.0970528 10
0.0973528 5
0.0974528 6
0.0981528 7
0.0986528 8
0.0990528 4
0.0992528 9
0.0994528 10
0.0997528 5
0.0997528 10
0.100453 10
0.100953 1
0.101353 6
0.101453 2
0.101653 7
0.101853 3
0.101853 8
0.101953 10
0.102153 4
0.102253 5
0.102453 10
0.102553 6
0.102553 9
0.102853 7
0.103053 1
0.103353 8
0.103553 1
0.103653 10
0.103753 2
0.103953 2
0.104053 3
0.104153 9
0.104153 3
0.104253 4
0.104753 5
0.104953 10
0.105153 6
0.105253 4
0.105353 10
0.105553 7
0.105653 5
0.106153 6
0.106353 8
0.106453 9
0.106853 1
0.106953 7
0.107153 2
0.107253 10
0.107453 3
0.107453 10
0.107853 4
0.108753 5
0.109053 6
0.109053 10
0.109353 10
0.109553 8
0.109753 7
0.109753 9
0.109853 8
0.110153 9
0.110453 1
0.110553 1
0.110553 10
0.110653 2
0.110953 3
0.110953 10
0.111153 4
0.111153 2
0.111353 5
0.112153 3
0.112253 6
0.112453 4
0.112553 5
0.112653 6
0.112753 7
0.112953 7
0.112953 10
0.113053 1
0.113253 8
0.113253 2
0.113453 1
0.113553 8
0.113653 9
0.113653 2
0.113753 9
0.113853 3
0.114053 10
0.114253 4
0.114453 10
0.114653 10
0.114753 3
0.114853 5
0.114853 4
0.114953 5
0.115253 6
0.115553 7
0.115753 6
0.115853 8
0.115853 7
0.116153 9
0.116253 8
0.116553 1
0.116753 9
0.117053 10
0.117153 1
0.117453 2
0.117453 2
0.117853 10
0.117953 10
0.118053 3
0.118153 3
0.118253 4
0.118453 4
0.118553 5
0.118553 5
0.118953 6
0.119453 7
0.120353 8
0.120553 10
0.120653 6
0.120753 9
0.121053 7
0.121153 10
0.121353 10
0.121653 10
0.121853 1
0.121953 2
0.122053 8
0.122153 3
0.122353 4
0.122553 5
0.123053 9
0.123153 6
0.123253 7
0.124053 8
0.124453 9
0.124553 10
0.124753 10
0.125053 1
0.125053 10
0.125453 2
0.125853 3
0.125953 4
0.126153 5
0.126253 6
0.126353 7
0.126753 10
0.127953 8
0.127953 10
0.128053 1
0.128153 2
0.128353 9
0.128453 3
0.128553 4
0.128853 5
0.128953 10
0.129053 6
0.129353 7
0.129453 10
0.129853 10
0.130153 8
0.130353 9
0.130553 1
0.131053 2
0.131953 10
0.132053 3
0.132253 4
0.132653 5
0.132853 6
0.133053 10
0.133553 10
0.133953 7
0.134153 10
0.134353 8
0.134453 9
0.134953 1
0.135353 10
0.135553 2
0.135753 3
0.136453 4
0.136553 5
0.136653 6
0.136953 10
0.137053 7
0.137053 1
0.137353 10
0.137553 8
0.137753 9
0.138153 2
0.138953 3
0.139153 10
0.139453 10
0.139753 10
0.140253 4
0.140853 5
0.141053 6
0.141453 7
0.141653 8
0.141853 9
0.142353 10
0.142653 10
0.142753 1
0.142853 2
0.143453 3
0.143553 10
0.143853 10
0.144053 4
0.144653 5
0.145253 6
0.145353 7
0.145953 10
0.146453 8
0.146853 10
0.147253 9
0.147353 10
0.147953 1
0.148053 2
0.148153 3
0.148353 4
0.148453 5
0.148553 10
0.148853 6
0.149453 7
0.149553 10
0.151553 10
0.151653 8
0.151753 9
0.151853 10
0.151953 10
0.153153 10
0.155253 10
0.155353 10
0.155953 10
0.156953 10
0.159253 10
0.159653 10
0.160453 10
0.160753 10
0.163653 10
0.163753 10
0.164553 10
0.164753 10
0.167153 10
0.167353 10
0.167953 10
0.169253 10
0.170853 10
0.170953 10
0.172653 10
0.173153 10
0.174853 10
0.174953 10
0.176353 10
0.178353 10
0.178453 10
0.179653 10
0.180453 10
0.181553 10
0.182453 10
0.183453 10
0.183753 10
0.186153 10
0.186653 10
0.187153 10
0.188653 10
0.189853 10
0.191153 10
0.191453 10
0.191553 10
0.193853 10
0.194553 10
0.196353 10
0.196453 10
0.197153 10
0.197453 10
0.200353 10
0.200653 10
0.201753 10
0.202253 10
0.203653 10
0.205153 10
0.205653 10
0.207053 10
0.207353 10
0.208353 10
0.209253 10
0.211253 10
0.212453 10
0.212753 10
0.213553 10
0.214553 10
0.216053 10
0.216353 10
0.217253 10
0.218953 10
0.219053 10
0.220053 10
0.222353 10
0.222753 10
0.222853 10
0.223553 10
0.226053 10
0.227253 10
0.227453 10
0.227553 10
0.229153 10
0.231153 10
0.231853 10
0.232753 10
0.233153 10
0.235453 10
0.235853 10
0.236053 10
0.237053 10
0.238953 10
0.239053 10
0.241453 10
0.242153 10
0.243353 10
0.243953 10
0.244453 10
0.244853 10
0.246753 10
0.247653 10
0.248753 10
0.249053 10
0.251153 10
0.251653 10
0.252353 10
0.254353 10
0.254453 10
0.254853 10
0.256153 10
0.257353 10
0.258753 10
0.259653 10
0.260853 10
0.261853 10
0.263653 10
0.263753 10
0.264453 10
0.264853 10
0.266553 10
0.267753 10
0.268253 10
0.268753 10
0.270353 10
0.272353 10
0.273053 10
0.273953 10
0.274153 10
0.274553 10
0.276953 10
0.277553 10
0.278453 10
0.279653 10
0.280753 10
0.281653 10
0.282153 10
0.283053 10
0.285553 10
0.286153 10
0.286253 10
0.287653 10
0.288153 10
0.289353 10
0.290753 10
0.291553 10
0.292253 10
0.293853 10
0.294153 10
0.294453 10
0.297253 10
0.297653 10
0.298453 10
0.299053 10
0.300953 10
0.301553 10
0.303153 10
0.303853 10
0.304553 10
0.304953 10
0.305953 10
0.307853 10
0.308553 10
0.309753 10
0.310953 10
0.311053 10
0.312053 10
0.314153 10
0.314953 10
0.315553 10
0.316353 10
0.318253 10
0.318553 10
0.319053 10
0.320453 10
0.321953 10
0.322453 10
0.323453 10
0.323553 10
0.326353 10
0.326753 10
0.327553 10
0.328353 10
0.330553 10
0.330653 10
0.331753 10
0.331853 10
0.334553 10
0.334753 10
0.334953 10
0.337453 10
0.338253 10
0.338553 10
0.339453 10
0.341653 10
0.341853 10
0.342253 10
0.342453 10
0.345153 10
0.345753 10
0.346353 10
0.347953 10
0.348553 10
0.348753 10
0.351053 10
0.351453 10
0.352453 10
0.352853 10
0.355553 10
0.355653 10
0.356353 10
0.357153 10
0.359253 10
0.359753 10
0.360153 10
0.361153 10
0.362053 10
0.364153 10
0.364753 10
0.365853 10
0.366353 10
0.367153 10
0.369153 10
0.369853 10
0.371253 10
0.372053 10
0.372153 10
0.372353 10
0.374553 10
0.375553 10
0.376053 10
0.378253 10
0.378753 10
0.379253 10
0.381553 10
0.381753 10
0.382153 10
0.383853 10
0.384753 10
0.384953 10
0.386253 10
0.387053 10
0.389053 10
0.390153 10
0.390453 10
0.390953 10
0.393653 10
0.393853 10
0.393953 10
0.394753 10
0.397153 10
0.397753 10
0.398853 10
0.399053 10
0.400853 10
0.402153 10
0.402953 10
0.403653 10
0.404153 10
0.405853 10
0.406353 10
0.407753 10
0.408553 10
0.409553 10
0.410253 10
0.411453 10
0.413353 10
0.413553 10
0.414753 10
0.415653 10
0.415953 10
0.416753 10
0.419053 10
0.420153 10
0.420553 10
0.420753 10
0.422753 10
0.423553 10
0.424753 10
0.425153 10
0.426653 10
0.428253 10
0.428853 10
0.429553 10
0.430653 10
0.431853 10
0.432253 10
0.434253 10
0.434553 10
0.434853 10
0.436753 10
0.437553 10
0.438053 10
0.439853 10
0.440253 10
0.441853 10
0.442153 10
0.442553 10
0.445053 10
0.445553 10
0.446753 10
0.447353 10
0.447553 10
0.449953 10
0.450153 10
0.452353 10
0.452753 10
0.453253 10
0.454353 10
0.456253 10
0.456853 10
0.456953 10
0.457653 10
0.460053 10
0.460353 10
0.460553 10
0.463053 10
0.464153 10
0.464553 10
0.464953 10
0.467053 10
0.468053 10
0.468253 10
0.469053 10
0.471353 10
0.471553 10
0.473453 10
0.473653 10
0.474553 10
0.475453 10
0.476553 10
0.476853 10
0.479353 10
0.479853 10
0.480053 10
0.480853 10
0.482953 10
0.483653 10
0.485453 10
0.485653 10
0.486353 10
0.487553 10
0.488453 10
0.489553 10
0.490653 10
0.491353 10
0.493153 10
0.493353 10
0.494653 10
0.495753 10
0.496153 10
0.497553 10
0.498353 10
0.499353 10
0.501153 10
0.501453 10
0.502353 10
0.503253 10
0.504453 10
0.505553 10
0.506053 10
0.507853 10
0.508153 10
0.509953 10
0.510053 10
0.510453 10
0.512853 10
0.514253 10
0.514353 10
0.515653 10
0.516653 10
0.517053 10
0.517753 10
0.520653 10
0.520953 10
0.521153 10
0.521753 10
0.523753 10
0.524353 10
0.524853 10
0.526953 10
0.527853 10
0.528253 10
0.529153 10
0.531453 10
0.531653 10
0.532553 10
0.532753 10
0.535653 10
0.535853 10
0.536153 10
0.536553 10
0.539453 10
0.539653 10
0.539953 10
0.541853 10
0.543253 10
0.544153 10
0.544553 10
0.545153 10
0.546553 10
0.548353 10
0.548653 10
0.549953 10
0.550453 10
0.552053 10
0.552553 10
0.553553 10
0.553753 10
0.556053 10
0.556753 10
0.556853 10
0.559453 10
0.560253 10
0.560453 10
0.561753 10
0.562253 10
0.563053 10
0.564453 10
0.566253 10
0.566653 10
0.567153 10
0.568453 10
0.568953 10
0.570453 10
0.572453 10
0.572953 10
0.573153 10
0.574953 10
0.575453 10
0.576553 10
0.577953 10
0.578753 10
0.578853 10
0.581053 10
0.581553 10
0.582153 10
0.583553 10
0.585453 10
0.585753 10
0.586253 10
0.588053 10
0.588453 10
0.589053 10
0.589753 10
0.591853 10
0.591953 10
0.594653 10
0.594953 10
0.595853 10
0.596653 10
0.598253 10
0.598353 10
0.600153 10
0.600353 10
0.602153 10
0.602453 10
0.604053 10
0.605053 10
0.605153 10
0.607153 10
0.607353 10
0.608753 10
0.609753 10
0.610453 10
0.610753 10
0.613053 10
0.613553 10
0.614753 10
0.615853 10
0.616353 10
0.617353 10
0.619253 10
0.619453 10
0.620753 10
0.622053 10
0.622753 10
0.623453 10
0.625153 10
0.625353 10
0.625753 10
0.626853 10
0.628953 10
0.629353 10
0.631553 10
0.631653 10
0.631753 10
0.633853 10
0.634853 10
0.635653 10
0.636953 10
0.638853 10
0.638953 10
0.639753 10
0.640253 10
0.641553 10
0.642953 10
0.644153 10
0.644553 10
0.645653 10
0.646153 10
0.646853 10
0.648653 10
0.649453 10
0.650053 10
0.651053 10
0.652653 10
0.653953 10
0.655053 10
0.655653 10
0.655853 10
0.658453 10
0.658653 10
0.659153 10
0.661453 10
0.662053 10
0.662353 10
0.663653 10
0.664453 10
0.665953 10
0.666253 10
0.667253 10
0.667653 10
0.670153 10
0.670953 10
0.671253 10
0.672853 10
0.672953 10
0.674753 10
0.676353 10
0.676553 10
0.677053 10
0.678853 10
0.679953 10
0.680553 10
0.681053 10
0.683853 10
0.684053 10
0.684253 10
0.684753 10
0.687353 10
0.688053 10
0.688753 10
0.689053 10
0.689653 10
0.691253 10
0.692853 10
0.693953 10
0.694253 10
0.694953 10
0.697053 10
0.698053 10
0.698353 10
0.698953 10
0.700353 10
0.701053 10
0.702253 10
0.703653 10
0.704953 10
0.705753 10
0.705853 10
0.706953 10
0.708853 10
0.710053 10
0.710753 10
0.710953 10
0.713253 10
0.713453 10
0.714353 10
0.714453 10
0.717053 10
0.717453 10
0.718353 10
0.719053 10
0.720953 10
0.721453 10
0.721953 10
0.724553 10
0.724953 10
0.725353 10
0.725853 10
0.727953 10
0.728053 10
0.729653 10
0.730353 10
0.731353 10
0.733453 10
0.734253 10
0.734453 10
0.736053 10
0.736453 10
0.737853 10
0.738253 10
0.739653 10
0.741153 10
0.741253 10
0.742853 10
0.743053 10
0.743453 10
0.746853 10
0.746953 10
0.747853 10
0.747953 10
0.749653 10
0.750353 10
0.751253 10
0.753353 10
0.753853 10
0.754253 10
0.755153 10
0.756353 10
0.757753 10
0.759053 10
0.759753 10
0.760353 10
0.761253 10
0.763453 10
0.763753 10
0.764053 10
0.765953 10
0.767353 10
0.767553 10
0.769053 10
0.769453 10
0.770853 10
0.771353 10
0.772053 10
0.773553 10
0.773753 10
0.776053 10
0.776853 10
0.777453 10
0.778153 10
0.780353 10
0.780453 10
0.781753 10
0.781853 10
0.784153 10
0.784453 10
0.784753 10
0.787253 10
0.787653 10
0.788153 10
0.789353 10
0.791453 10
0.791553 10
0.792453 10
0.793153 10
0.794853 10
0.795853 10
0.796553 10
0.797253 10
0.799253 10
0.799753 10
0.800253 10
0.800353 10
0.802153 10
0.804353 10
0.804453 10
0.804553 10
0.806053 10
0.808353 10
0.808753 10
0.809553 10
0.809653 10
0.810753 10
0.812253 10
0.814453 10
0.815053 10
0.815153 10
0.817553 10
0.817853 10
0.818053 10
0.819953 10
0.820253 10
0.821953 10
0.823453 10
0.823553 10
0.823853 10
0.825753 10
0.827753 10
0.827953 10
0.828053 10
0.828753 10
0.831053 10
0.831253 10
0.832953 10
0.833653 10
0.834353 10
0.835453 10
0.835753 10
0.838553 10
0.838853 10
0.839353 10
0.840353 10
0.841253 10
0.843253 10
0.843953 10
0.844353 10
0.844853 10
0.846153 10
0.847753 10
0.848753 10
0.850353 10
0.850753 10
0.850853 10
0.852953 10
0.853853 10
0.854153 10
0.855653 10
0.856253 10
0.858053 10
0.858853 10
0.860053 10
0.860153 10
0.861053 10
0.862953 10
0.864453 10
0.865153 10
0.865553 10
0.865653 10
0.867853 10
0.869153 10
0.869653 10
0.870653 10
0.871453 10
0.872253 10
0.872953 10
0.873853 10
0.875953 10
0.877553 10
0.878053 10
0.878353 10
0.878553 10
0.881153 10
0.881453 10
0.882253 10
0.883253 10
0.885153 10
0.885753 10
0.886653 10
0.887553 10
0.888853 10
0.890353 10
0.890853 10
0.891453 10
0.891653 10
0.894053 10
0.894453 10
0.894853 10
0.897153 10
0.898553 10
0.898753 10
0.898953 10
0.900653 10
0.902153 10
0.902553 10
0.903553 10
0.904453 10
0.904753 10
0.906853 10
0.907453 10
0.908153 10
0.910153 10
0.910453 10
0.910553 10
0.912253 10
0.913953 10
0.914253 10
0.914753 10
0.916453 10
0.917953 10
0.918153 10
0.920553 10
0.920953 10
0.921153 10
0.922753 10
0.923253 10
0.925953 10
0.926053 10
0.926153 10
0.926353 10
0.929553 10
0.930053 10
0.930153 10
0.930253 10
0.932753 10
0.933653 10
0.934453 10
0.934753 10
0.935953 10
0.938253 10
0.938553 10
0.940953 10
0.941053 10
0.941153 10
0.941353 10
0.943753 10
0.944853 10
0.945053 10
0.946053 10
0.947753 10
0.948953 10
0.949653 10
0.950753 10
0.952053 10
0.952353 10
0.953553 10
0.954753 10
0.956053 10
0.956353 10
0.958353 10
0.958853 10
0.959353 10
0.959853 10
0.962253 10
0.962353 10
0.963653 10
0.964153 10
0.965653 10
0.965953 10
0.968453 10
0.968553 10
0.968953 10
0.971053 10
0.971953 10
0.972853 10
0.972953 10
0.975053 10
0.976253 10
0.976753 10
0.977453 10
0.978553 10
0.979353 10
0.980053 10
0.982353 10
0.982453 10
0.984053 10
0.984653 10
0.985353 10
0.986253 10
0.987753 10
0.988553 10
0.989353 10
0.990353 10
0.992453 10
0.992753 10
0.994453 10
0.994853 10
0.995553 10
0.996153 10
0.998753 10
0.998853 10
0.999053 10
1.00055 10
1.00145 10
1.00225 10
1.00365 10
1.00575 10
1.00585 10
1.00605 10
1.00635 10
1.00845 10
1.00915 10
1.01115 10
1.01235 10
1.01305 10
1.01315 10
1.01355 10
1.01625 10
1.01745 10
1.01755 10
1.01795 10
1.02035 10
1.02065 10
1.02145 10
1.02205 10
1.02415 10
1.02455 10
1.02525 10
1.02725 10
1.02815 10
1.02865 10
1.02885 10
1.03015 10
1.03205 10
1.03325 10
1.03395 10
1.03415 10
1.03445 10
1.03645 10
1.03715 10
1.03885 10
1.03985 10
1.04055 10
1.04145 10
1.04325 10
1.04365 10
1.04445 10
1.04615 10
1.04635 10
1.04675 10
1.04895 10
1.05045 10
1.05065 10
1.05245 10
1.05305 10
1.05325 10
1.05345 10
1.05635 10
1.05715 10
1.05725 10
1.05755 10
1.05955 10
1.06005 10
1.06145 10
1.06295 10
1.06335 10
1.06455 10
1.06545 10
1.06675 10
1.06685 10
1.06895 10
1.06915 10
1.07085 10
1.07185 10
1.07295 10
1.07395 10
1.07495 10
1.07535 10
1.07635 10
1.07735 10
1.07895 10
1.08005 10
1.08055 10
1.08105 10
1.08355 10
1.08375 10
1.08515 10
1.08565 10
1.08705 10
1.08715 10
1.08885 10
1.08895 10
1.09035 10
1.09155 10
1.09335 10
1.09375 10
1.09445 10
1.09555 10
1.09745 10
1.09755 10
1.09795 10
1.09895 10
1.10085 10
1.10235 10
1.10255 10
1.10335 10
1.10345 10
1.10565 10
1.10735 10
1.10785 10
1.10855 10
1.10905 10
1.11075 10
1.11225 10
1.11285 10
1.11315 10
1.11595 10
1.11635 10
1.11645 10
1.11655 10
1.11885 10
1.11955 10
1.12005 10
1.12065 10
1.12315 10
1.12425 10
1.12475 10
1.12505 10
1.12685 10
1.12735 10
1.12935 10
1.13025 10
1.13035 10
1.13055 10
1.13265 10
1.13385 10
1.13455 10
1.13595 10
1.13605 10
1.13755 10
1.13895 10
1.13945 10
1.14125 10
1.14175 10
1.14265 10
1.14305 10
1.14415 10
1.14495 10
1.14735 10
1.14805 10
1.14845 10
1.14855 10
1.15095 10
1.15215 10
1.15275 10
1.15315 10
1.15475 10
1.15605 10
1.15655 10
1.15685 10
1.15785 10
1.15975 10
1.16115 10
1.16165 10
1.16315 10
1.16445 10
1.16465 10
1.16515 10
1.16615 10
1.16785 10
1.16945 10
1.16955 10
1.17055 10
1.17165 10
1.17235 10
1.17325 10
1.17395 10
1.17635 10
1.17715 10
1.17725 10
1.17755 10
1.18025 10
1.18145 10
1.18175 10
1.18215 10
1.18305 10
1.18405 10
1.18575 10
1.18685 10
1.18735 10
1.18875 10
1.18955 10
1.19135 10
1.19165 10
1.19195 10
1.19385 10
1.19455 10
1.19635 10
1.19655 10
1.19665 10
1.19865 10
1.20045 10
1.20055 10
1.20135 10
1.20215 10
1.20435 10
1.20445 10
1.20505 10
1.20545 10
1.20725 10
1.20845 10
1.21005 10
1.21135 10
1.21215 10
1.21225 10
1.21235 10
1.21415 10
1.21615 10
1.21655 10
1.21725 10
1.21835 10
1.21985 10
1.22105 10
1.22175 10
1.22305 10
1.22355 10
1.22435 10
1.22585 10
1.22635 10
1.22835 10
1.22855 10
1.22865 10
1.23015 10
1.23215 10
1.23265 10
1.23335 10
1.23395 10
1.23615 10
1.23645 10
1.23815 10
1.23965 10
1.23985 10
1.23995 10
1.24105 10
1.24365 10
1.24415 10
1.24425 10
1.24525 10
1.24635 10
1.24705 10
1.24935 10
1.25025 10
1.25035 10
1.25055 10
1.25355 10
1.25365 10
1.25415 10
1.25545 10
1.25715 10
1.25775 10
1.25905 10
1.25935 10
1.25965 10
1.26235 10
1.26265 10
1.26335 10
1.26545 10
1.26575 10
1.26615 10
1.26835 10
1.26855 10
1.26935 10
1.26995 10
1.27165 10
1.27325 10
1.27335 10
1.27455 10
1.27575 10
1.27685 10
1.27745 10
1.27775 10
1.27995 10
1.28055 10
1.28085 10
1.28295 10
1.28355 10
1.28435 10
1.28585 10
1.28605 10
1.28705 10
1.28845 10
1.28925 10
1.29035 10
1.29095 10
1.29325 10
1.29375 10
1.29445 10
1.29565 10
1.29685 10
1.29765 10
1.29895 10
1.29975 10
1.30085 10
1.30215 10
1.30285 10
1.30295 10
1.30445 10
1.30505 10
1.30635 10
1.30765 10
1.30925 10
1.31015 10
1.31065 10
1.31135 10
1.31215 10
1.31295 10
1.31425 10
1.31615 10
1.31695 10
1.31705 10
1.31875 10
1.31995 10
1.32035 10
1.32125 10
1.32295 10
1.32415 10
1.32475 10
1.32605 10
1.32665 10
1.32695 10
1.32855 10
1.33025 10
1.33125 10
1.33155 10
1.33245 10
1.33345 10
1.33505 10
1.33605 10
1.33645 10
1.33655 10
1.33865 10
1.33975 10
1.34075 10
1.34175 10
1.34235 10
1.34285 10
1.34545 10
1.34555 10
1.34675 10
1.34825 10
1.34915 10
1.34925 10
1.35065 10
1.35235 10
1.35325 10
1.35345 10
1.35435 10
1.35605 10
1.35705 10
1.35725 10
1.35755 10
1.36025 10
1.36045 10
1.36065 10
1.36195 10
1.36375 10
1.36545 10
1.36555 10
1.36595 10
1.36695 10
1.36885 10
1.37005 10
1.37075 10
1.37125 10
1.37325 10
1.37375 10
1.37445 10
1.37515 10
1.37615 10
1.37825 10
1.37935 10
1.37995 10
1.38005 10
1.38085 10
1.38385 10
1.38415 10
1.38435 10
1.38455 10
1.38705 10
1.38825 10
1.38885 10
1.38935 10
1.38955 10
1.39205 10
1.39305 10
1.39375 10
1.39455 10
1.39495 10
1.39635 10
1.39745 10
1.39785 10
1.40005 10
1.40055 10
1.40095 10
1.40225 10
1.40375 10
1.40445 10
1.40565 10
1.40615 10
1.40785 10
1.40805 10
1.40895 10
1.41125 10
1.41235 10
1.41305 10
1.41335 10
1.41445 10
1.41575 10
1.41635 10
1.41725 10
1.41875 10
1.41925 10
1.42125 10
1.42165 10
1.42305 10
1.42325 10
1.42385 10
1.42605 10
1.42735 10
1.42815 10
1.42845 10
1.42885 10
1.43125 10
1.43205 10
1.43245 10
1.43265 10
1.43535 10
1.43565 10
1.43645 10
1.43705 10
1.43855 10
1.44035 10
1.44075 10
1.44085 10
1.44305 10
1.44415 10
1.44455 10
1.44465 10
1.44685 10
1.44745 10
1.44845 10
1.44905 10
1.45125 10
1.45175 10
1.45185 10
1.45345 10
1.45435 10
1.45475 10
1.45665 10
1.45735 10
1.45775 10
1.45955 10
1.46065 10
1.46185 10
1.46345 10
1.46365 10
1.46385 10
1.46555 10
1.46685 10
1.46715 10
1.46805 10
1.46985 10
1.47075 10
1.47225 10
1.47265 10
1.47375 10
1.47395 10
1.47515 10
1.47675 10
1.47755 10
1.47845 10
1.47925 10
1.48065 10
1.48115 10
1.48255 10
1.48375 10
1.48525 10
1.48535 10
1.48635 10
1.48795 10
1.48895 10
1.48975 10
1.49095 10
1.49135 10
1.49315 10
1.49355 10
1.49385 10
1.49575 10
1.49665 10
1.49775 10
1.49825 10
1.49975 10
1.50085 10
1.50105 10
1.50295 10
1.50425 10
1.50445 10
1.50465 10
1.50715 10
1.50735 10
1.50745 10
1.50995 10
1.51065 10
1.51265 10
1.51295 10
1.51305 10
1.51335 10
1.51625 10
1.51655 10
1.51705 10
1.51795 10
1.52075 10
1.52115 10
1.52145 10
1.52175 10
1.52445 10
1.52495 10
1.52565 10
1.52675 10
1.52775 10
1.52815 10
1.52995 10
1.53115 10
1.53175 10
1.53205 10
1.53405 10
1.53525 10
1.53575 10
1.53585 10
1.53775 10
1.53855 10
1.53945 10
1.54085 10
1.54195 10
1.54215 10
1.54265 10
1.54435 10
1.54575 10
1.54615 10
1.54745 10
1.54775 10
1.55005 10
1.55045 10
1.55065 10
1.55265 10
1.55295 10
1.55415 10
1.55515 10
1.55595 10
1.55825 10
1.55845 10
1.55895 10
1.56065 10
1.56165 10
1.56185 10
1.56295 10
1.56535 10
1.56605 10
1.56615 10
1.56745 10
1.56965 10
1.56995 10
1.57045 10
1.57075 10
1.57375 10
1.57395 10
1.57455 10
1.57535 10
1.57585 10
1.57865 10
1.57895 10
1.57905 10
1.58025 10
1.58105 10
1.58275 10
1.58385 10
1.58445 10
1.58575 10
1.58705 10
1.58755 10
1.58775 10
1.58925 10
1.59115 10
1.59145 10
1.59225 10
1.59355 10
1.59495 10
1.59505 10
1.59695 10
1.59705 10
1.59935 10
1.60055 10
1.60115 10
1.60145 10
1.60225 10
1.60445 10
1.60495 10
1.60555 10
1.60695 10
1.60795 10
1.60845 10
1.60955 10
1.61125 10
1.61145 10
1.61215 10
1.61425 10
1.61475 10
1.61485 10
1.61645 10
1.61725 10
1.61845 10
1.61995 10
1.62095 10
1.62165 10
1.62215 10
1.62455 10
1.62475 10
1.62495 10
1.62575 10
1.62815 10
1.62885 10
1.62965 10
1.62985 10
1.63185 10
1.63275 10
1.63315 10
1.63375 10
1.63635 10
1.63685 10
1.63745 10
1.63795 10
1.63935 10
1.64125 10
1.64185 10
1.64215 10
1.64355 10
1.64365 10
1.64615 10
1.64675 10
1.64725 10
1.64915 10
1.64965 10
1.65015 10
1.65095 10
1.65375 10
1.65425 10
1.65465 10
1.65605 10
1.65635 10
1.65785 10
1.65865 10
1.65945 10
1.66025 10
1.66245 10
1.66275 10
1.66315 10
1.66455 10
1.66585 10
1.66685 10
1.66755 10
1.66765 10
1.67045 10
1.67115 10
1.67195 10
1.67255 10
1.67375 10
1.67505 10
1.67525 10
1.67555 10
1.67815 10
1.67875 10
1.67935 10
1.68025 10
1.68205 10
1.68245 10
1.68315 10
1.68365 10
1.68565 10
1.68635 10
1.68745 10
1.68915 10
1.68935 10
1.69005 10
1.69195 10
1.69315 10
1.69335 10
1.69375 10
1.69515 10
1.69685 10
1.69775 10
1.69795 10
1.70035 10
1.70085 10
1.70275 10
1.70305 10
1.70335 10
1.70445 10
1.70575 10
1.70645 10
1.70765 10
1.70895 10
1.71005 10
1.71015 10
1.71155 10
1.71215 10
1.71355 10
1.71535 10
1.71565 10
1.71625 10
1.71635 10
1.71895 10
1.71985 10
1.72045 10
1.72175 10
1.72205 10
1.72405 10
1.72445 10
1.72495 10
1.72655 10
1.72765 10
1.72835 10
1.72975 10
1.73025 10
1.73215 10
1.73285 10
1.73325 10
1.73455 10
1.73625 10
1.73695 10
1.73775 10
1.73905 10
1.73915 10
1.74065 10
1.74095 10
1.74325 10
1.74345 10
1.74485 10
1.74635 10
1.74645 10
1.74815 10
1.74835 10
1.74935 10
1.74945 10
1.75255 10
1.75275 10
1.75305 10
1.75455 10
1.75565 10
1.75735 10
1.75755 10
1.75775 10
1.76015 10
1.76055 10
1.76175 10
1.76245 10
1.76435 10
1.76445 10
1.76485 10
1.76605 10
1.76845 10
1.76875 10
1.76915 10
1.77035 10
1.77185 10
1.77215 10
1.77315 10
1.77525 10
1.77545 10
1.77605 10
1.77795 10
1.77875 10
1.77895 10
1.78085 10
1.78165 10
1.78215 10
1.78345 10
1.78455 10
1.78595 10
1.78655 10
1.78685 10
1.78885 10
1.78995 10
1.79005 10
1.79135 10
1.79245 10
1.79305 10
1.79415 10
1.79565 10
1.79685 10
1.79825 10
1.79845 10
1.79925 10
1.80105 10
1.80135 10
1.80305 10
1.80325 10
1.80545 10
1.80565 10
1.80625 10
1.80645 10
1.80915 10
1.80985 10
1.81105 10
1.81135 10
1.81215 10
1.81475 10
1.81495 10
1.81505 10
1.81535 10
1.81835 10
1.81845 10
1.81935 10
1.82115 10
1.82155 10
1.82235 10
1.82245 10
1.82465 10
1.82665 10
1.82675 10
1.82705 10
1.82825 10
1.82975 10
1.83155 10
1.83165 10
1.83295 10
1.83305 10
1.83465 10
1.83615 10
1.83625 10
1.83765 10
1.83875 10
1.83905 10
1.84095 10
1.84105 10
1.84345 10
1.84415 10
1.84445 10
1.84485 10
1.84585 10
1.84795 10
1.84915 10
1.84935 10
1.85045 10
1.85195 10
1.85215 10
1.85345 10
1.85555 10
1.85565 10
1.85595 10
1.85665 10
1.85855 10
1.86035 10
1.86085 10
1.86145 10
1.86195 10
1.86425 10
1.86435 10
1.86545 10
1.86575 10
1.86745 10
1.86865 10
1.86975 10
1.87115 10
1.87165 10
1.87195 10
1.87465 10
1.87485 10
1.87545 10
1.87575 10
1.87755 10
1.87965 10
1.87975 10
1.88035 10
1.88045 10
1.88325 10
1.88375 10
1.88415 10
1.88545 10
1.88565 10
1.88735 10
1.88875 10
1.88885 10
1.89075 10
1.89225 10
1.89275 10
1.89325 10
1.89525 10
1.89605 10
1.89615 10
1.89685 10
1.89935 10
1.89985 10
1.90125 10
1.90145 10
1.90215 10
1.90405 10
1.90495 10
1.90565 10
1.90665 10
1.90775 10
1.90835 10
1.90935 10
1.91075 10
1.91165 10
1.91195 10
1.91395 10
1.91405 10
1.91595 10
1.91645 10
1.91745 10
1.91935 10
1.91995 10
1.92055 10
1.92085 10
1.92255 10
1.92445 10
1.92525 10
1.92545 10
1.92565 10
1.92835 10
1.92885 10
1.92905 10
1.93065 10
1.93255 10
1.93275 10
1.93285 10
1.93415 10
1.93575 10
1.93725 10
1.93755 10
1.93845 10
1.93935 10
1.94015 10
1.94245 10
1.94295 10
1.94335 10
1.94445 10
1.94525 10
1.94695 10
1.94705 10
1.94935 10
1.94945 10
1.95015 10
1.95145 10
1.95245 10
1.95285 10
1.95465 10
1.95495 10
1.95635 10
1.95765 10
1.95895 10
1.95975 10
1.96125 10
1.96185 10
1.96335 10
1.96345 10
1.96375 10
1.96535 10
1.96655 10
1.96835 10
1.96865 10
1.96875 10
1.97125 10
1.97165 10
1.97255 10
1.97265 10
1.97515 10
1.97555 10
1.97655 10
1.97805 10
1.97845 10
1.97885 10
1.98155 10
1.98175 10
1.98225 10
1.98355 10
1.98495 10
1.98555 10
1.98665 10
1.98715 10
1.98855 10
1.98875 10
1.99075 10
1.99195 10
1.99235 10
1.99405 10
1.99525 10
1.99535 10
1.99575 10
1.99725 10
1.99935 10
1.99985 10
2.00085 10
2.00125 10
2.00295 10
2.00395 10
2.00435 10
2.00515 10
2.00685 10
2.00715 10
2.00935 10
2.00965 10
2.01005 10
2.01085 10
2.01295 10
2.01335 10
2.01465 10
2.01565 10
2.01785 10
2.01805 10
2.01865 10
2.01995 10
2.02015 10
2.02265 10
2.02275 10
2.02295 10
2.02345 10
2.02675 10
2.02715 10
2.02735 10
2.02765 10
2.03035 10
2.03055 10
2.03105 10
2.03365 10
2.03375 10
2.03435 10
2.03555 10
2.03745 10
2.03845 10
2.03885 10
2.03915 10
2.04165 10
2.04215 10
2.04255 10
2.04345 10
2.04465 10
2.04515 10
2.04615 10
2.04865 10
2.04875 10
2.04895 10
2.05035 10
2.05175 10
2.05285 10
2.05355 10
2.05375 10
2.05665 10
2.05685 10
2.05695 10
2.05805 10
2.06015 10
2.06085 10
2.06145 10
2.06205 10
2.06365 10
2.06445 10
2.06545 10
2.06655 10
2.06765 10
2.06855 10
2.06925 10
2.07065 10
2.07165 10
2.07325 10
2.07375 10
2.07395 10
2.07485 10
2.07715 10
2.07815 10
2.07825 10
2.07875 10
2.08115 10
2.08175 10
2.08235 10
2.08255 10
2.08485 10
2.08495 10
2.08635 10
2.08725 10
2.08885 10
2.09015 10
2.09115 10
2.09125 10
2.09205 10
2.09375 10
2.09385 10
2.09585 10
2.09715 10
2.09735 10
2.09795 10
2.09935 10
2.10085 10
2.10195 10
2.10215 10
2.10305 10
2.10535 10
2.10635 10
2.10665 10
2.10685 10
2.10875 10
2.10935 10
2.11065 10
2.11195 10
2.11235 10
2.11245 10
2.11455 10
2.11565 10
2.11685 10
2.11695 10
2.11825 10
2.11935 10
2.12095 10
2.12155 10
2.12195 10
2.12335 10
2.12475 10
2.12485 10
2.12625 10
2.12795 10
2.12905 10
2.12945 10
2.13035 10
2.13185 10
2.13285 10
2.13465 10
2.13495 10
2.13515 10
2.13665 10
2.13785 10
2.13875 10
2.14015 10
2.14025 10
2.14115 10
2.14355 10
2.14455 10
2.14465 10
2.14485 10
2.14585 10
2.14835 10
2.14885 10
2.14945 10
2.14955 10
2.15155 10
2.15295 10
2.15335 10
2.15385 10
2.15575 10
2.15725 10
2.15745 10
2.15795 10
2.16035 10
2.16085 10
2.16165 10
2.16215 10
2.16225 10
2.16495 10
2.16625 10
2.16675 10
2.16795 10
2.16895 10
2.16935 10
2.17065 10
2.17195 10
2.17215 10
2.17465 10
2.17495 10
2.17525 10
2.17565 10
2.17795 10
2.17915 10
2.17965 10
2.17995 10
2.18035 10
2.18315 10
2.18355 10
2.18405 10
2.18455 10
2.18725 10
2.18745 10
2.18855 10
2.18895 10
2.19095 10
2.19195 10
2.19225 10
2.19425 10
2.19465 10
2.19515 10
2.19625 10
2.19775 10
2.19865 10
2.19975 10
2.20025 10
2.20215 10
2.20305 10
2.20325 10
2.20355 10
2.20525 10
2.20655 10
2.20875 10
2.20885 10
2.21005 10
2.21045 10
2.21195 10
2.21215 10
2.21355 10
2.21425 10
2.21635 10
2.21655 10
2.21715 10
2.21815 10
2.22055 10
2.22085 10
2.22105 10
2.22205 10
2.22395 10
2.22465 10
2.22495 10
2.22715 10
2.22785 10
2.22805 10
2.22985 10
2.23055 10
2.23295 10
2.23305 10
2.23315 10
2.23385 10
2.23635 10
2.23705 10
2.23715 10
2.23755 10
2.24005 10
2.24055 10
2.24085 10
2.24185 10
2.24345 10
2.24455 10
2.24505 10
2.24735 10
2.24795 10
2.24835 10
2.24885 10
2.25125 10
2.25175 10
2.25305 10
2.25345 10
2.25475 10
2.25575 10
2.25625 10
2.25795 10
2.25835 10
2.26085 10
2.26105 10
2.26115 10
2.26135 10
2.26405 10
2.26445 10
2.26515 10
2.26775 10
2.26795 10
2.26805 10
2.26845 10
2.27125 10
2.27255 10
2.27285 10
2.27325 10
2.27445 10
2.27585 10
2.27655 10
2.27695 10
2.27835 10
2.28005 10
2.28055 10
2.28085 10
2.28195 10
2.28435 10
2.28465 10
2.28565 10
2.28575 10
2.28825 10
2.28925 10
2.29015 10
2.29065 10
2.29165 10
2.29345 10
2.29365 10
2.29445 10
2.29485 10
2.29735 10
2.29775 10
2.29825 10
2.29865 10
2.30145 10
2.30175 10
2.30215 10
2.30355 10
2.30495 10
2.30545 10
2.30655 10
2.30815 10
2.30875 10
2.30885 10
2.31115 10
2.31135 10
2.31335 10
2.31375 10
2.31425 10
2.31665 10
2.31695 10
2.31735 10
2.31915 10
2.31985 10
2.31995 10
2.32165 10
2.32315 10
2.32405 10
2.32455 10
2.32565 10
2.32575 10
2.32875 10
2.32915 10
2.32925 10
2.32995 10
2.33185 10
2.33245 10
2.33395 10
2.33435 10
2.33465 10
2.33735 10
2.33745 10
2.33825 10
2.33925 10
2.34115 10
2.34155 10
2.34265 10
2.34425 10
2.34455 10
2.34555 10
2.34585 10
2.34815 10
2.34905 10
2.34925 10
2.34995 10
2.35195 10
2.35205 10
2.35285 10
2.35525 10
2.35665 10
2.35685 10
2.35765 10
2.35795 10
2.35955 10
2.36095 10
2.36175 10
2.36275 10
2.36325 10
2.36455 10
2.36595 10
2.36635 10
2.36775 10
2.36945 10
2.36965 10
2.37005 10
2.37185 10
2.37215 10
2.37345 10
2.37525 10
2.37555 10
2.37635 10
2.37665 10
2.37845 10
2.37965 10
2.38085 10
2.38145 10
2.38195 10
2.38405 10
2.38495 10
2.38505 10
2.38545 10
2.38735 10
2.38815 10
2.38925 10
2.39065 10
2.39165 10
2.39275 10
2.39325 10
2.39505 10
2.39585 10
2.39625 10
2.39725 10
2.39905 10
2.39935 10
2.40085 10
2.40205 10
2.40225 10
2.40275 10
2.40475 10
2.40615 10
2.40665 10
2.40775 10
2.40785 10
2.40985 10
2.41075 10
2.41125 10
2.41185 10
2.41405 10
2.41455 10
2.41625 10
2.41705 10
2.41795 10
2.41865 10
2.41995 10
2.42045 10
2.42205 10
2.42275 10
2.42405 10
2.42495 10
2.42515 10
2.42785 10
2.42805 10
2.42845 10
2.42875 10
2.43115 10
2.43155 10
2.43255 10
2.43315 10
2.43475 10
2.43575 10
2.43615 10
2.43695 10
2.43875 10
2.44055 10
2.44105 10
2.44125 10
2.44175 10
2.44395 10
2.44425 10
2.44495 10
2.44735 10
2.44765 10
2.44905 10
2.44955 10
2.45055 10
2.45205 10
2.45305 10
2.45345 10
2.45495 10
2.45525 10
2.45675 10
2.45815 10
2.45865 10
2.45895 10
2.46115 10
2.46245 10
2.46285 10
2.46345 10
2.46535 10
2.46595 10
2.46615 10
2.46695 10
2.46945 10
2.47025 10
2.47065 10
2.47085 10
2.47315 10
2.47365 10
2.47445 10
2.47455 10
2.47705 10
2.47715 10
2.47785 10
2.47965 10
2.48105 10
2.48165 10
2.48205 10
2.48335 10
2.48455 10
2.48655 10
2.48675 10
2.48685 10
2.48845 10
2.48975 10
2.49035 10
2.49155 10
2.49205 10
2.49385 10
2.49445 10
2.49515 10
2.49665 10
2.49705 10
2.49955 10
2.49985 10
2.50025 10
2.50055 10
2.50255 10
2.50405 10
2.50445 10
2.50515 10
2.50705 10
2.50745 10
2.50905 10
2.50965 10
2.51055 10
2.51185 10
2.51275 10
2.51335 10
2.51485 10
2.51505 10
2.51615 10
2.51805 10
2.51905 10
2.52085 10
2.52115 10
2.52125 10
2.52145 10
2.52435 10
2.52465 10
2.52575 10
2.52585 10
2.52725 10
2.52875 10
2.52925 10
2.53005 10
2.53135 10
2.53285 10
2.53355 10
2.53375 10
2.53575 10
2.53685 10
2.53885 10
2.53905 10
2.53915 10
2.53955 10
2.54165 10
2.54295 10
2.54345 10
2.54375 10
2.54475 10
2.54715 10
2.54835 10
2.54865 10
2.54905 10
2.55095 10
2.55195 10
2.55245 10
2.55325 10
2.55585 10
2.55595 10
2.55605 10
2.55805 10
2.55815 10
2.55975 10
2.56175 10
2.56215 10
2.56235 10
2.56255 10
2.56475 10
2.56605 10
2.56675 10
2.56785 10
2.56845 10
2.57005 10
2.57095 10
2.57125 10
2.57255 10
2.57395 10
2.57465 10
2.57525 10
2.57705 10
2.57735 10
2.57905 10
2.57915 10
2.57975 10
2.58175 10
2.58315 10
2.58335 10
2.58465 10
2.58535 10
2.58775 10
2.58785 10
2.58825 10
2.58905 10
2.59175 10
2.59195 10
2.59205 10
2.59295 10
2.59525 10
2.59555 10
2.59585 10
2.59735 10
2.59805 10
2.59915 10
2.60085 10
2.60115 10
2.60285 10
2.60435 10
2.60465 10
2.60485 10
2.60715 10
2.60795 10
2.60845 10
2.60905 10
2.61135 10
2.61185 10
2.61215 10
2.61405 10
2.61525 10
2.61565 10
2.61645 10
2.61685 10
2.61895 10
2.61955 10
2.61995 10
2.62115 10
2.62305 10
2.62335 10
2.62405 10
2.62595 10
2.62675 10
2.62725 10
2.62875 10
2.63015 10
2.63055 10
2.63105 10
2.63305 10
2.63385 10
2.63455 10
2.63465 10
2.63765 10
2.63775 10
2.63785 10
2.63955 10
2.64085 10
2.64175 10
2.64235 10
2.64465 10
2.64475 10
2.64525 10
2.64575 10
2.64805 10
2.64885 10
2.64895 10
2.65055 10
2.65115 10
2.65285 10
2.65345 10
2.65355 10
2.65605 10
2.65675 10
2.65805 10
2.65875 10
2.65885 10
2.66105 10
2.66205 10
2.66225 10
2.66255 10
2.66535 10
2.66585 10
2.66615 10
2.66735 10
2.66865 10
2.66945 10
2.67025 10
2.67075 10
2.67345 10
2.67405 10
2.67415 10
2.67455 10
2.67735 10
2.67805 10
2.67935 10
2.67945 10
2.68005 10
2.68155 10
2.68325 10
2.68335 10
2.68425 10
2.68525 10
2.68715 10
2.68795 10
2.68865 10
2.68875 10
2.69045 10
2.69225 10
2.69255 10
2.69295 10
2.69445 10
2.69565 10
2.69705 10
2.69725 10
2.69895 10
2.69915 10
2.70175 10
2.70195 10
2.70255 10
2.70275 10
2.70525 10
2.70575 10
2.70625 10
2.70655 10
2.70885 10
2.70905 10
2.71085 10
2.71175 10
2.71215 10
2.71315 10
2.71535 10
2.71605 10
2.71635 10
2.71645 10
2.71845 10
2.71965 10
2.72105 10
2.72165 10
2.72285 10
2.72375 10
2.72495 10
2.72505 10
2.72615 10
2.72745 10
2.72935 10
2.72955 10
2.73045 10
2.73085 10
2.73275 10
2.73345 10
2.73525 10
2.73615 10
2.73635 10
2.73745 10
2.73875 10
2.74025 10
2.74115 10
2.74175 10
2.74225 10
2.74465 10
2.74475 10
2.74515 10
2.74655 10
2.74875 10
2.74905 10
2.74915 10
2.75025 10
2.75195 10
2.75275 10
2.75335 10
2.75355 10
2.75585 10
2.75645 10
2.75795 10
2.75865 10
2.75985 10
2.76135 10
2.76145 10
2.76245 10
2.76405 10
2.76475 10
2.76495 10
2.76735 10
2.76755 10
2.76775 10
2.77035 10
2.77105 10
2.77115 10
2.77155 10
2.77375 10
2.77535 10
2.77575 10
2.77725 10
2.77835 10
2.77845 10
2.77935 10
2.77995 10
2.78255 10
2.78295 10
2.78335 10
2.78375 10
2.78655 10
2.78695 10
2.78705 10
2.78815 10
2.78975 10
2.79095 10
2.79205 10
2.79215 10
2.79335 10
2.79455 10
2.79485 10
2.79665 10
2.79745 10
2.79965 10
2.79995 10
2.80015 10
2.80085 10
2.80245 10
2.80435 10
2.80455 10
2.80475 10
2.80685 10
2.80745 10
2.80915 10
2.80985 10
2.81165 10
2.81185 10
2.81205 10
2.81385 10
2.81515 10
2.81535 10
2.81585 10
2.81745 10
2.81805 10
2.82025 10
2.82115 10
2.82175 10
2.82195 10
2.82445 10
2.82465 10
2.82545 10
2.82575 10
2.82835 10
2.82905 10
2.82925 10
2.82955 10
2.83185 10
2.83255 10
2.83325 10
2.83515 10
2.83565 10
2.83705 10
2.83765 10
2.83785 10
2.84015 10
2.84095 10
2.84165 10
2.84225 10
2.84275 10
2.84455 10
2.84525 10
2.84715 10
2.84725 10
2.84975 10
2.85005 10
2.85075 10
2.85215 10
2.85255 10
2.85335 10
2.85485 10
2.85515 10
2.85705 10
2.85775 10
2.85805 10
2.85955 10
2.85985 10
2.86165 10
2.86245 10
2.86355 10
2.86435 10
2.86495 10
2.86575 10
2.86745 10
2.86905 10
2.86975 10
2.87055 10
2.87215 10
2.87285 10
2.87325 10
2.87545 10
2.87575 10
2.87665 10
2.87725 10
2.87965 10
2.87985 10
2.88005 10
2.88045 10
2.88355 10
2.88385 10
2.88465 10
2.88515 10
2.88695 10
2.88725 10
2.88765 10
2.88975 10
2.89075 10
2.89225 10
2.89285 10
2.89345 10
2.89475 10
2.89485 10
2.89585 10
2.89835 10
2.89905 10
2.89975 10
2.89985 10
2.90175 10
2.90335 10
2.90365 10
2.90485 10
2.90585 10
2.90685 10
2.90705 10
2.90845 10
2.90945 10
2.91055 10
2.91165 10
2.91265 10
2.91365 10
2.91495 10
2.91555 10
2.91615 10
2.91685 10
2.91855 10
2.91985 10
2.92015 10
2.92075 10
2.92285 10
2.92405 10
2.92435 10
2.92475 10
2.92735 10
2.92755 10
2.92805 10
2.93005 10
2.93075 10
2.93205 10
2.93295 10
2.93395 10
2.93415 10
2.93575 10
2.93635 10
2.93845 10
2.93865 10
2.93885 10
2.94045 10
2.94205 10
2.94215 10
2.94335 10
2.94405 10
2.94535 10
2.94685 10
2.94725 10
2.94855 10
2.95065 10
2.95075 10
2.95085 10
2.95255 10
2.95415 10
2.95435 10
2.95555 10
2.95685 10
2.95745 10
2.95785 10
2.95955 10
2.96005 10
2.96155 10
2.96205 10
2.96345 10
2.96415 10
2.96525 10
2.96765 10
2.96775 10
2.96825 10
2.96835 10
2.97145 10
2.97155 10
2.97355 10
2.97385 10
2.97435 10
2.97525 10
2.97555 10
2.97825 10
2.97865 10
2.97875 10
2.98085 10
2.98165 10
2.98225 10
2.98365 10
2.98455 10
2.98595 10
2.98665 10
2.98785 10
2.98895 10
2.98925 10
2.98955 10
2.99145 10
2.99285 10
2.99445 10
2.99465 10
2.99585 10
2.99685 10
2.99755 10
2.99855 10
2.99905 10
3.00065 10
3.00135 10
3.00255 10
3.00285 10
3.00485 10
3.00605 10
3.00675 10
3.00785 10
3.00915 10
3.00975 10
3.01115 10
3.01205 10
3.01225 10
3.01315 10
3.01425 10
3.01565 10
3.01645 10
3.01865 10
3.01915 10
3.01945 10
3.01975 10
3.02265 10
3.02325 10
3.02335 10
3.02365 10
3.02515 10
3.02705 10
3.02785 10
3.02815 10
3.02875 10
3.03105 10
3.03205 10
3.03235 10
3.03345 10
3.03425 10
3.03615 10
3.03635 10
3.03755 10
3.03945 10
3.03955 10
3.03985 10
3.04215 10
3.04255 10
3.04285 10
3.04505 10
3.04605 10
3.04635 10
3.04685 10
3.04925 10
3.04965 10
3.05095 10
3.05235 10
3.05315 10
3.05335 10
3.05355 10
3.05545 10
3.05705 10
3.05785 10
3.05855 10
3.05955 10
3.06065 10
3.06215 10
3.06265 10
3.06395 10
3.06515 10
3.06545 10
3.06605 10
3.06815 10
3.06905 10
3.06935 10
3.07035 10
3.07205 10
3.07245 10
3.07385 10
3.07415 10
3.07505 10
3.07765 10
3.07805 10
3.07855 10
3.07905 10
3.08125 10
3.08155 10
3.08245 10
3.08335 10
3.08465 10
3.08475 10
3.08695 10
3.08765 10
3.08895 10
3.09005 10
3.09065 10
3.09075 10
3.09185 10
3.09345 10
3.09435 10
3.09545 10
3.09615 10
3.09745 10
3.09925 10
3.09975 10
3.10025 10
3.10165 10
3.10285 10
3.10355 10
3.10395 10
3.10635 10
3.10715 10
3.10755 10
3.10815 10
3.11045 10
3.11085 10
3.11095 10
3.11205 10
3.11355 10
3.11565 10
3.11615 10
3.11625 10
3.11705 10
3.11925 10
3.11955 10
3.12025 10
3.12105 10
3.12245 10
3.12355 10
3.12485 10
3.12535 10
3.12565 10
3.12765 10
3.12875 10
3.12965 10
3.12995 10
3.13175 10
3.13255 10
3.13315 10
3.13455 10
3.13565 10
3.13785 10
3.13795 10
3.13815 10
3.13855 10
3.14085 10
3.14155 10
3.14235 10
3.14375 10
3.14455 10
3.14515 10
3.14575 10
3.14785 10
3.14805 10
3.15065 10
3.15105 10
3.15115 10
3.15185 10
3.15335 10
3.15465 10
3.15605 10
3.15695 10
3.15755 10
3.15775 10
3.16045 10
3.16075 10
3.16135 10
3.16215 10
3.16375 10
3.16525 10
3.16595 10
3.16675 10
3.16775 10
3.16855 10
3.16975 10
3.17075 10
3.17155 10
3.17245 10
3.17355 10
3.17505 10
3.17585 10
3.17605 10
3.17805 10
3.17875 10
3.17905 10
3.18075 10
3.18195 10
3.18285 10
3.18305 10
3.18525 10
3.18535 10
3.18565 10
3.18715 10
3.18935 10
3.18985 10
3.19005 10
3.19105 10
3.19355 10
3.19405 10
3.19455 10
3.19585 10
3.19735 10
3.19765 10
3.19805 10
3.19975 10
3.20075 10
3.20215 10
3.20295 10
3.20305 10
3.20475 10
3.20495 10
3.20765 10
3.20785 10
3.20815 10
3.20875 10
3.21105 10
3.21185 10
3.21205 10
3.21355 10
3.21465 10
3.21525 10
3.21725 10
3.21805 10
3.21855 10
3.21865 10
3.22095 10
3.22195 10
3.22315 10
3.22335 10
3.22365 10
3.22665 10
3.22685 10
3.22735 10
3.22845 10
3.22925 10
3.23055 10
3.23125 10
3.23245 10
3.23405 10
3.23415 10
3.23575 10
3.23655 10
3.23755 10
3.23845 10
3.23995 10
3.24005 10
3.24215 10
3.24275 10
3.24335 10
3.24525 10
3.24565 10
3.24625 10
3.24655 10
3.24915 10
3.24985 10
3.25025 10
3.25245 10
3.25265 10
3.25355 10
3.25385 10
3.25595 10
3.25725 10
3.25735 10
3.25765 10
3.25975 10
3.26055 10
3.26125 10
3.26355 10
3.26365 10
3.26435 10
3.26635 10
3.26645 10
3.26705 10
3.26785 10
3.26945 10
3.27045 10
3.27205 10
3.27255 10
3.27355 10
3.27385 10
3.27635 10
3.27685 10
3.27715 10
3.27785 10
3.27995 10
3.28085 10
3.28115 10
3.28225 10
3.28405 10
3.28475 10
3.28555 10
3.28745 10
3.28755 10
3.28805 10
3.28985 10
3.29095 10
3.29125 10
3.29235 10
3.29275 10
3.29465 10
3.29575 10
3.29625 10
3.29795 10
3.29845 10
3.30075 10
3.30085 10
3.30105 10
3.30215 10
3.30425 10
3.30475 10
3.30545 10
3.30655 10
3.30735 10
3.30875 10
3.30975 10
3.31075 10
3.31145 10
3.31235 10
3.31375 10
3.31505 10
3.31555 10
3.31575 10
3.31745 10
3.31805 10
3.32005 10
3.32125 10
3.32175 10
3.32215 10
3.32395 10
3.32435 10
3.32555 10
3.32635 10
3.32835 10
3.32855 10
3.32925 10
3.33035 10
3.33225 10
3.33235 10
3.33375 10
3.33465 10
3.33485 10
3.33615 10
3.33835 10
3.33855 10
3.33875 10
3.34035 10
3.34215 10
3.34255 10
3.34325 10
3.34505 10
3.34515 10
3.34595 10
3.34815 10
3.34835 10
3.34965 10
3.35015 10
3.35245 10
3.35255 10
3.35285 10
3.35505 10
3.35605 10
3.35705 10
3.35725 10
3.35875 10
3.35915 10
3.36105 10
3.36225 10
3.36285 10
3.36355 10
3.36465 10
3.36525 10
3.36695 10
3.36805 10
3.36845 10
3.37005 10
3.37045 10
3.37195 10
3.37205 10
3.37385 10
3.37545 10
3.37585 10
3.37665 10
3.37675 10
3.37965 10
3.38005 10
3.38015 10
3.38045 10
3.38355 10
3.38385 10
3.38415 10
3.38455 10
3.38685 10
3.38765 10
3.38985 10
3.39015 10
3.39045 10
3.39065 10
3.39205 10
3.39405 10
3.39505 10
3.39545 10
3.39565 10
3.39845 10
3.39925 10
3.39935 10
3.40005 10
3.40105 10
3.40295 10
3.40345 10
3.40505 10
3.40535 10
3.40635 10
3.40735 10
3.40875 10
3.40975 10
3.41065 10
3.41155 10
3.41305 10
3.41335 10
3.41445 10
3.41635 10
3.41685 10
3.41765 10
3.41935 10
3.41945 10
3.42015 10
3.42215 10
3.42265 10
3.42415 10
3.42455 10
3.42555 10
3.42675 10
3.42705 10
3.42905 10
3.42965 10
3.43035 10
3.43195 10
3.43305 10
3.43375 10
3.43385 10
3.43565 10
3.43695 10
3.43795 10
3.43865 10
3.43905 10
3.44135 10
3.44195 10
3.44225 10
3.44235 10
3.44575 10
3.44635 10
3.44645 10
3.44695 10
3.44795 10
3.45005 10
3.45105 10
3.45115 10
3.45195 10
3.45345 10
3.45505 10
3.45575 10
3.45705 10
3.45775 10
3.45785 10
3.45985 10
3.46015 10
3.46185 10
3.46215 10
3.46385 10
3.46395 10
3.46505 10
3.46645 10
3.46855 10
3.46865 10
3.46955 10
3.47015 10
3.47135 10
3.47345 10
3.47355 10
3.47415 10
3.47515 10
3.47725 10
3.47785 10
3.47805 10
3.47895 10
3.48105 10
3.48195 10
3.48205 10
3.48475 10
3.48515 10
3.48565 10
3.48595 10
3.48715 10
3.48935 10
3.49005 10
3.49085 10
3.49135 10
3.49215 10
3.49405 10
3.49415 10
3.49605 10
3.49665 10
3.49745 10
3.49905 10
3.49925 10
3.49965 10
3.50255 10
3.50285 10
3.50355 10
3.50375 10
3.50575 10
3.50675 10
3.50745 10
3.50815 10
3.51015 10
3.51075 10
3.51145 10
3.51205 10
3.51405 10
3.51415 10
3.51625 10
3.51645 10
3.51825 10
3.51855 10
3.51905 10
3.52085 10
3.52135 10
3.52235 10
3.52445 10
3.52495 10
3.52545 10
3.52625 10
3.52815 10
3.52885 10
3.52945 10
3.52955 10
3.53165 10
3.53305 10
3.53375 10
3.53385 10
3.53525 10
3.53735 10
3.53775 10
3.53845 10
3.53885 10
3.54155 10
3.54225 10
3.54245 10
3.54265 10
3.54515 10
3.54655 10
3.54675 10
3.54695 10
3.54785 10
3.55015 10
3.55035 10
3.55255 10
3.55295 10
3.55365 10
3.55435 10
3.55665 10
3.55715 10
3.55735 10
3.55745 10
3.56045 10
3.56095 10
3.56115 10
3.56165 10
3.56385 10
3.56485 10
3.56525 10
3.56655 10
3.56735 10
3.56825 10
3.56895 10
3.57085 10
3.57215 10
3.57255 10
3.57395 10
3.57445 10
3.57555 10
3.57585 10
3.57835 10
3.57955 10
3.57965 10
3.58005 10
3.58185 10
3.58305 10
3.58315 10
3.58375 10
3.58665 10
3.58695 10
3.58745 10
3.58755 10
3.59005 10
3.59085 10
3.59145 10
3.59155 10
3.59395 10
3.59405 10
3.59575 10
3.59635 10
3.59735 10
3.59945 10
3.59965 10
3.60055 10
3.60085 10
3.60195 10
3.60365 10
3.60475 10
3.60565 10
3.60725 10
3.60765 10
3.60865 10
3.60985 10
3.61125 10
3.61145 10
3.61255 10
3.61355 10
3.61425 10
3.61675 10
3.61715 10
3.61775 10
3.61815 10
3.62015 10
3.62055 10
3.62125 10
3.62285 10
3.62305 10
3.62515 10
3.62535 10
3.62715 10
3.62805 10
3.62845 10
3.63015 10
3.63035 10
3.63185 10
3.63285 10
3.63295 10
3.63445 10
3.63535 10
3.63635 10
3.63805 10
3.63885 10
3.64055 10
3.64065 10
3.64145 10
3.64275 10
3.64395 10
3.64435 10
3.64545 10
3.64655 10
3.64745 10
3.64935 10
3.64945 10
3.65025 10
3.65085 10
3.65275 10
3.65405 10
3.65415 10
3.65515 10
3.65625 10
3.65845 10
3.65905 10
3.65925 10
3.65955 10
3.66195 10
3.66395 10
3.66425 10
3.66445 10
3.66455 10
3.66695 10
3.66835 10
3.66845 10
3.66875 10
3.67165 10
3.67185 10
3.67235 10
3.67275 10
3.67435 10
3.67565 10
3.67725 10
3.67785 10
3.67875 10
3.67905 10
3.68015 10
3.68075 10
3.68305 10
3.68325 10
3.68405 10
3.68605 10
3.68695 10
3.68725 10
3.68815 10
3.69045 10
3.69095 10
3.69105 10
3.69165 10
3.69385 10
3.69455 10
3.69535 10
3.69675 10
3.69805 10
3.69875 10
3.69955 10
3.70155 10
3.70165 10
3.70235 10
3.70285 10
3.70525 10
3.70605 10
3.70645 10
3.70655 10
3.70935 10
3.70985 10
3.71075 10
3.71145 10
3.71285 10
3.71325 10
3.71515 10
3.71615 10
3.71625 10
3.71635 10
3.71845 10
3.71945 10
3.72055 10
3.72215 10
3.72255 10
3.72385 10
3.72425 10
3.72645 10
3.72665 10
3.72755 10
3.72885 10
3.73015 10
3.73095 10
3.73155 10
3.73245 10
3.73345 10
3.73435 10
3.73635 10
3.73725 10
3.73785 10
3.73835 10
3.73935 10
3.74025 10
3.74135 10
3.74205 10
3.74405 10
3.74505 10
3.74595 10
3.74695 10
3.74705 10
3.74805 10
3.74965 10
3.75115 10
3.75135 10
3.75145 10
3.75355 10
3.75565 10
3.75575 10
3.75675 10
3.75725 10
3.75885 10
3.75975 10
3.76055 10
3.76195 10
3.76265 10
3.76295 10
3.76495 10
3.76585 10
3.76645 10
3.76825 10
3.76865 10
3.76965 10
3.77075 10
3.77155 10
3.77275 10
3.77325 10
3.77485 10
3.77535 10
3.77575 10
3.77805 10
3.77825 10
3.78005 10
3.78085 10
3.78125 10
3.78155 10
3.78465 10
3.78475 10
3.78525 10
3.78605 10
3.78865 10
3.78885 10
3.78915 10
3.78965 10
3.79175 10
3.79245 10
3.79365 10
3.79445 10
3.79575 10
3.79625 10
3.79875 10
3.79885 10
3.79955 10
3.79985 10
3.80255 10
3.80305 10
3.80325 10
3.80405 10
3.80645 10
3.80735 10
3.80745 10
3.80755 10
3.81055 10
3.81065 10
3.81155 10
3.81295 10
3.81355 10
3.81505 10
3.81555 10
3.81685 10
3.81795 10
3.81875 10
3.81925 10
3.82065 10
3.82195 10
3.82305 10
3.82365 10
3.82405 10
3.82625 10
3.82645 10
3.82715 10
3.82935 10
3.82985 10
3.83005 10
3.83075 10
3.83275 10
3.83335 10
3.83435 10
3.83635 10
3.83675 10
3.83745 10
3.83945 10
3.83965 10
3.84025 10
3.84135 10
3.84245 10
3.84315 10
3.84505 10
3.84555 10
3.84635 10
3.84705 10
3.84865 10
3.84955 10
3.85155 10
3.85195 10
3.85205 10
3.85285 10
3.85595 10
3.85605 10
3.85615 10
3.85645 10
3.85915 10
3.85985 10
3.86035 10
3.86075 10
3.86295 10
3.86365 10
3.86485 10
3.86565 10
3.86675 10
3.86795 10
3.86875 10
3.86955 10
3.87025 10
3.87185 10
3.87285 10
3.87335 10
3.87405 10
3.87645 10
3.87705 10
3.87755 10
3.87775 10
3.87975 10
3.88095 10
3.88175 10
3.88195 10
3.88285 10
3.88475 10
3.88485 10
3.88655 10
3.88805 10
3.88815 10
3.88895 10
3.89025 10
3.89275 10
3.89315 10
3.89335 10
3.89435 10
3.89525 10
3.89695 10
3.89765 10
3.89825 10
3.89855 10
3.90105 10
3.90185 10
3.90295 10
3.90385 10
3.90455 10
3.90595 10
3.90645 10
3.90825 10
3.90835 10
3.90885 10
3.91145 10
3.91155 10
3.91205 10
3.91335 10
3.91515 10
3.91555 10
3.91675 10
3.91695 10
3.91835 10
3.91905 10
3.92085 10
3.92185 10
3.92195 10
3.92345 10
3.92365 10
3.92645 10
3.92685 10
3.92745 10
3.92865 10
3.92975 10
3.93165 10
3.93175 10
3.93215 10
3.93255 10
3.93485 10
3.93625 10
3.93695 10
3.93755 10
3.93845 10
3.93925 10
3.94075 10
3.94185 10
3.94295 10
3.94385 10
3.94395 10
3.94535 10
3.94635 10
3.94685 10
3.94955 10
3.95005 10
3.95015 10
3.95145 10
3.95185 10
3.95345 10
3.95465 10
3.95625 10
3.95725 10
3.95735 10
3.95765 10
3.95915 10
3.96085 10
3.96105 10
3.96245 10
3.96355 10
3.96505 10
3.96595 10
3.96635 10
3.96715 10
3.96905 10
3.96935 10
3.97145 10
3.97175 10
3.97245 10
3.97275 10
3.97565 10
3.97635 10
3.97655 10
3.97665 10
3.97845 10
3.97905 10
3.98075 10
3.98145 10
3.98335 10
3.98425 10
3.98465 10
3.98555 10
3.98685 10
3.98775 10
3.98925 10
3.98945 10
3.98955 10
3.99155 10
3.99315 10
3.99425 10
3.99445 10
3.99465 10
3.99755 10
3.99805 10
3.99815 10
3.99845 10
4.00095 10
4.00185 10
4.00305 10
4.00345 10
4.00405 10
4.00545 10
4.00655 10
4.00805 10
4.00875 10
4.00895 10
4.01015 10
4.01145 10
4.01265 10
4.01345 10
4.01505 10
4.01535 10
4.01655 10
4.01815 10
4.01825 10
4.02005 10
4.02055 10
4.02095 10
4.02285 10
4.02405 10
4.02455 10
4.02485 10
4.02785 10
4.02795 10
4.02815 10
4.02865 10
4.03085 10
4.03165 10
4.03315 10
4.03355 10
4.03425 10
4.03475 10
4.03705 10
4.03825 10
4.03865 10
4.03885 10
4.04125 10
4.04195 10
4.04255 10
4.04285 10
4.04395 10
4.04555 10
4.04745 10
4.04785 10
4.04815 10
4.04825 10
4.05145 10
4.05155 10
4.05205 10
4.05435 10
4.05455 10
4.05485 10
4.05595 10
4.05745 10
4.05925 10
4.05935 10
4.06115 10
4.06255 10
4.06265 10
4.06375 10
4.06475 10
4.06525 10
4.06605 10
4.06805 10
4.06875 10
4.06935 10
4.07045 10
4.07065 10
4.07185 10
4.07435 10
4.07445 10
4.07575 10
4.07625 10
4.07765 10
4.07865 10
4.08015 10
4.08085 10
4.08125 10
4.08215 10
4.08335 10
4.08425 10
4.08505 10
4.08745 10
4.08765 10
4.08805 10
4.08945 10
4.09075 10
4.09155 10
4.09225 10
4.09425 10
4.09455 10
4.09495 10
4.09715 10
4.09815 10
4.09825 10
4.09855 10
4.10025 10
4.10195 10
4.10205 10
4.10295 10
4.10525 10
4.10545 10
4.10675 10
4.10725 10
4.10965 10
4.10985 10
4.11035 10
4.11065 10
4.11275 10
4.11315 10
4.11495 10
4.11595 10
4.11605 10
4.11845 10
4.11855 10
4.11975 10
4.11995 10
4.12215 10
4.12295 10
4.12385 10
4.12405 10
4.12525 10
4.12645 10
4.12815 10
4.12905 10
4.12925 10
4.13015 10
4.13165 10
4.13255 10
4.13345 10
4.13385 10
4.13575 10
4.13635 10
4.13795 10
4.13865 10
4.14025 10
4.14055 10
4.14065 10
4.14275 10
4.14395 10
4.14415 10
4.14675 10
4.14705 10
4.14755 10
4.14805 10
4.15005 10
4.15095 10
4.15145 10
4.15205 10
4.15315 10
4.15475 10
4.15615 10
4.15645 10
4.15715 10
4.15815 10
4.15945 10
4.16145 10
4.16165 10
4.16265 10
4.16275 10
4.16455 10
4.16665 10
4.16675 10
4.16735 10
4.16845 10
4.16975 10
4.17065 10
4.17165 10
4.17295 10
4.17335 10
4.17455 10
4.17585 10
4.17625 10
4.17675 10
4.17845 10
4.18025 10
4.18095 10
4.18115 10
4.18285 10
4.18295 10
4.18455 10
4.18585 10
4.18745 10
4.18765 10
4.18805 10
4.18915 10
4.19165 10
4.19185 10
4.19205 10
4.19365 10
4.19495 10
4.19605 10
4.19625 10
4.19695 10
4.19785 10
4.20025 10
4.20105 10
4.20175 10
4.20215 10
4.20395 10
4.20525 10
4.20635 10
4.20655 10
4.20685 10
4.20895 10
4.20965 10
4.20975 10
4.21245 10
4.21295 10
4.21315 10
4.21435 10
4.21595 10
4.21715 10
4.21745 10
4.21765 10
4.22015 10
4.22065 10
4.22135 10
4.22235 10
4.22335 10
4.22505 10
4.22555 10
4.22565 10
4.22685 10
4.22895 10
4.22975 10
4.22995 10
4.23215 10
4.23295 10
4.23325 10
4.23405 10
4.23605 10
4.23715 10
4.23785 10
4.23835 10
4.23945 10
4.24025 10
4.24225 10
4.24305 10
4.24325 10
4.24365 10
4.24495 10
4.24695 10
4.24825 10
4.24845 10
4.24875 10
4.25075 10
4.25225 10
4.25255 10
4.25375 10
4.25445 10
4.25525 10
4.25635 10
4.25765 10
4.25855 10
4.25925 10
4.26125 10
4.26215 10
4.26235 10
4.26425 10
4.26445 10
4.26495 10
4.26675 10
4.26845 10
4.26885 10
4.26935 10
4.26945 10
4.27265 10
4.27285 10
4.27305 10
4.27385 10
4.27635 10
4.27655 10
4.27815 10
4.27895 10
4.27945 10
4.28165 10
4.28175 10
4.28225 10
4.28305 10
4.28505 10
4.28585 10
4.28615 10
4.28675 10
4.28845 10
4.29005 10
4.29035 10
4.29125 10
4.29265 10
4.29325 10
4.29555 10
4.29615 10
4.29645 10
4.29685 10
4.29855 10
4.29955 10
4.30105 10
4.30165 10
4.30195 10
4.30345 10
4.30485 10
4.30625 10
4.30715 10
4.30735 10
4.30855 10
4.30865 10
4.31165 10
4.31175 10
4.31225 10
4.31415 10
4.31445 10
4.31475 10
4.31605 10
4.31845 10
4.31885 10
4.31925 10
4.32055 10
4.32165 10
4.32295 10
4.32315 10
4.32485 10
4.32495 10
4.32755 10
4.32815 10
4.32825 10
4.32915 10
4.33085 10
4.33155 10
4.33235 10
4.33245 10
4.33485 10
4.33595 10
4.33635 10
4.33745 10
4.33865 10
4.34065 10
4.34155 10
4.34165 10
4.34185 10
4.34425 10
4.34475 10
4.34515 10
4.34645 10
4.34815 10
4.34855 10
4.34925 10
4.35155 10
4.35195 10
4.35245 10
4.35275 10
4.35565 10
4.35585 10
4.35625 10
4.35655 10
4.35855 10
4.36095 10
4.36115 10
4.36125 10
4.36185 10
4.36395 10
4.36515 10
4.36555 10
4.36605 10
4.36715 10
4.36895 10
4.36975 10
4.37095 10
4.37145 10
4.37155 10
4.37335 10
4.37405 10
4.37615 10
4.37645 10
4.37715 10
4.37905 10
4.37985 10
4.38045 10
4.38165 10
4.38225 10
4.38375 10
4.38485 10
4.38535 10
4.38665 10
4.38765 10
4.38945 10
4.38975 10
4.39055 10
4.39105 10
4.39275 10
4.39425 10
4.39455 10
4.39545 10
4.39655 10
4.39675 10
4.39875 10
4.39955 10
4.40025 10
4.40085 10
4.40325 10
4.40385 10
4.40485 10
4.40515 10
4.40615 10
4.40685 10
4.40905 10
4.41025 10
4.41035 10
4.41075 10
4.41295 10
4.41385 10
4.41475 10
4.41635 10
4.41645 10
4.41655 10
4.41915 10
4.41935 10
4.41965 10
4.42205 10
4.42285 10
4.42325 10
4.42425 10
4.42595 10
4.42655 10
4.42785 10
4.42815 10
4.43015 10
4.43055 10
4.43135 10
4.43265 10
4.43325 10
4.43495 10
4.43555 10
4.43685 10
4.43815 10
4.43875 10
4.44055 10
4.44075 10
4.44085 10
4.44345 10
4.44385 10
4.44505 10
4.44535 10
4.44695 10
4.44755 10
4.44815 10
4.45015 10
4.45125 10
4.45155 10
4.45165 10
4.45385 10
4.45455 10
4.45535 10
4.45605 10
4.45775 10
4.45875 10
4.45965 10
4.46085 10
4.46165 10
4.46185 10
4.46395 10
4.46415 10
4.46635 10
4.46675 10
4.46695 10
4.46845 10
4.46955 10
4.47045 10
4.47135 10
4.47225 10
4.47395 10
4.47515 10
4.47555 10
4.47665 10
4.47725 10
4.47805 10
4.48005 10
4.48065 10
4.48185 10
4.48235 10
4.48285 10
4.48525 10
4.48635 10
4.48645 10
4.48725 10
4.48905 10
4.49015 10
4.49075 10
4.49085 10
4.49255 10
4.49445 10
4.49465 10
4.49535 10
4.49605 10
4.49845 10
4.49855 10
4.49905 10
4.49975 10
4.50235 10
4.50285 10
4.50305 10
4.50375 10
4.50635 10
4.50665 10
4.50775 10
4.50875 10
4.50925 10
4.51125 10
4.51185 10
4.51285 10
4.51435 10
4.51445 10
4.51565 10
4.51585 10
4.51735 10
4.51805 10
4.51985 10
4.52125 10
4.52205 10
4.52265 10
4.52305 10
4.52435 10
4.52515 10
4.52695 10
4.52735 10
4.52905 10
4.52915 10
4.53155 10
4.53165 10
4.53245 10
4.53335 10
4.53505 10
4.53515 10
4.53685 10
4.53775 10
4.53785 10
4.53915 10
4.54075 10
4.54185 10
4.54195 10
4.54395 10
4.54445 10
4.54535 10
4.54665 10
4.54685 10
4.54875 10
4.54985 10
4.55025 10
4.55075 10
4.55385 10
4.55405 10
4.55435 10
4.55485 10
4.55745 10
4.55775 10
4.55835 10
4.55895 10
4.56095 10
4.56215 10
4.56225 10
4.56255 10
4.56445 10
4.56665 10
4.56695 10
4.56735 10
4.56795 10
4.57055 10
4.57085 10
4.57095 10
4.57205 10
4.57395 10
4.57525 10
4.57605 10
4.57765 10
4.57785 10
4.57805 10
4.57935 10
4.58075 10
4.58155 10
4.58295 10
4.58365 10
4.58495 10
4.58535 10
4.58595 10
4.58735 10
4.58845 10
4.58955 10
4.59025 10
4.59155 10
4.59215 10
4.59415 10
4.59505 10
4.59545 10
4.59555 10
4.59685 10
4.59875 10
4.59985 10
4.60115 10
4.60185 10
4.60265 10
4.60335 10
4.60355 10
4.60555 10
4.60615 10
4.60785 10
4.60845 10
4.61015 10
4.61035 10
4.61105 10
4.61285 10
4.61335 10
4.61495 10
4.61515 10
4.61705 10
4.61775 10
4.61855 10
4.61865 10
4.62065 10
4.62235 10
4.62245 10
4.62375 10
4.62415 10
4.62665 10
4.62695 10
4.62705 10
4.62835 10
4.63005 10
4.63115 10
4.63175 10
4.63295 10
4.63325 10
4.63435 10
4.63585 10
4.63635 10
4.63815 10
4.63865 10
4.63975 10
4.63985 10
4.64135 10
4.64365 10
4.64415 10
4.64435 10
4.64465 10
4.64635 10
4.64825 10
4.64845 10
4.64965 10
4.65085 10
4.65165 10
4.65205 10
4.65345 10
4.65595 10
4.65605 10
4.65635 10
4.65695 10
4.65895 10
4.66075 10
4.66085 10
4.66135 10
4.66205 10
4.66345 10
4.66505 10
4.66585 10
4.66665 10
4.66705 10
4.66915 10
4.66945 10
4.67085 10
4.67185 10
4.67325 10
4.67335 10
4.67365 10
4.67565 10
4.67735 10
4.67785 10
4.67855 10
4.67915 10
4.68145 10
4.68215 10
4.68225 10
4.68235 10
4.68455 10
4.68575 10
4.68685 10
4.68735 10
4.68815 10
4.68985 10
4.69045 10
4.69065 10
4.69325 10
4.69365 10
4.69425 10
4.69495 10
4.69725 10
4.69745 10
4.69795 10
4.69835 10
4.70045 10
4.70285 10
4.70325 10
4.70335 10
4.70345 10
4.70635 10
4.70705 10
4.70765 10
4.70795 10
4.70995 10
4.71005 10
4.71125 10
4.71165 10
4.71415 10
4.71485 10
4.71575 10
4.71595 10
4.71675 10
4.71955 10
4.71975 10
4.72045 10
4.72095 10
4.72325 10
4.72385 10
4.72425 10
4.72535 10
4.72685 10
4.72765 10
4.72845 10
4.73035 10
4.73095 10
4.73155 10
4.73235 10
4.73345 10
4.73415 10
4.73495 10
4.73705 10
4.73795 10
4.73835 10
4.74035 10
4.74065 10
4.74095 10
4.74195 10
4.74405 10
4.74485 10
4.74545 10
4.74615 10
4.74785 10
4.74845 10
4.74865 10
4.75055 10
4.75175 10
4.75265 10
4.75335 10
4.75475 10
4.75515 10
4.75635 10
4.75815 10
4.75835 10
4.76005 10
4.76105 10
4.76125 10
4.76305 10
4.76335 10
4.76415 10
4.76545 10
4.76735 10
4.76815 10
4.76825 10
4.77005 10
4.77095 10
4.77105 10
4.77285 10
4.77365 10
4.77425 10
4.77485 10
4.77745 10
4.77785 10
4.77795 10
4.77925 10
4.78125 10
4.78155 10
4.78245 10
4.78285 10
4.78535 10
4.78575 10
4.78665 10
4.78745 10
4.78825 10
4.78945 10
4.79115 10
4.79175 10
4.79295 10
4.79375 10
4.79475 10
4.79675 10
4.79695 10
4.79705 10
4.79805 10
4.80045 10
4.80075 10
4.80145 10
4.80175 10
4.80375 10
4.80505 10
4.80565 10
4.80605 10
4.80705 10
4.80805 10
4.80975 10
4.81175 10
4.81185 10
4.81195 10
4.81275 10
4.81495 10
4.81565 10
4.81745 10
4.81785 10
4.81855 10
4.81925 10
4.82065 10
4.82175 10
4.82255 10
4.82405 10
4.82425 10
4.82455 10
4.82725 10
4.82735 10
4.82865 10
4.82885 10
4.83045 10
4.83155 10
4.83285 10
4.83375 10
4.83465 10
4.83615 10
4.83675 10
4.83715 10
4.83905 10
4.83965 10
4.83995 10
4.84195 10
4.84215 10
4.84285 10
4.84545 10
4.84555 10
4.84685 10
4.84705 10
4.84855 10
4.84985 10
4.85025 10
4.85155 10
4.85215 10
4.85325 10
4.85495 10
4.85575 10
4.85595 10
4.85785 10
4.85845 10
4.85895 10
4.86025 10
4.86145 10
4.86305 10
4.86375 10
4.86405 10
4.86535 10
4.86615 10
4.86765 10
4.86915 10
4.87015 10
4.87055 10
4.87195 10
4.87275 10
4.87315 10
4.87475 10
4.87575 10
4.87645 10
4.87765 10
4.87895 10
4.87925 10
4.87945 10
4.88265 10
4.88305 10
4.88365 10
4.88415 10
4.88585 10
4.88675 10
4.88815 10
4.88835 10
4.88905 10
4.88985 10
4.89225 10
4.89265 10
4.89295 10
4.89395 10
4.89645 10
4.89685 10
4.89725 10
4.89745 10
4.89995 10
4.90055 10
4.90165 10
4.90235 10
4.90335 10
4.90445 10
4.90635 10
4.90655 10
4.90755 10
4.90785 10
4.90965 10
4.91025 10
4.91175 10
4.91215 10
4.91475 10
4.91515 10
4.91555 10
4.91575 10
4.91795 10
4.91895 10
4.91955 10
4.92005 10
4.92155 10
4.92285 10
4.92315 10
4.92365 10
4.92605 10
4.92625 10
4.92785 10
4.92855 10
4.92985 10
4.93055 10
4.93095 10
4.93275 10
4.93335 10
4.93495 10
4.93545 10
4.93615 10
4.93675 10
4.93885 10
4.94015 10
4.94085 10
4.94125 10
4.94175 10
4.94425 10
4.94485 10
4.94545 10
4.94635 10
4.94795 10
4.94805 10
4.94855 10
4.95155 10
4.95165 10
4.95255 10
4.95315 10
4.95505 10
4.95595 10
4.95665 10
4.95745 10
4.95875 10
4.95955 10
4.95975 10
4.96175 10
4.96305 10
4.96345 10
4.96475 10
4.96515 10
4.96675 10
4.96735 10
4.96885 10
4.96925 10
4.97155 10
4.97165 10
4.97325 10
4.97355 10
4.97385 10
4.97445 10
4.97725 10
4.97785 10
4.97795 10
4.97875 10
4.98165 10
4.98185 10
4.98215 10
4.98235 10
4.98545 10
4.98555 10
4.98575 10
4.98825 10
4.98865 10
4.98895 10
4.99145 10
4.99185 10
4.99235 10
4.99305 10
4.99425 10
4.99545 10
4.99615 10
4.99715 10
4.99915 10
4.99985 10
